1 0.27280497145580185 0.20233196159122038 0.12424780878185057 0.2537722908093273
1 0.3877920739930431 0.18930041152263324 0.1057263962926301 0.18106995884773647
1 0.5178278241777733 0.15020576131687213 0.15588855511760147 0.165980795610425
1 0.20952347878430091 0.3580246913580243 0.13042161294492385 0.20301783264746212
1 0.3275974834030778 0.3971193415637854 0.09646569004802089 0.23456790123456756
1 0.42174799688994546 0.380658436213991 0.10418294525186271 0.2126200274348418
1 0.5193712752185429 0.31893004115226276 0.10186776869070924 0.157750342935528
1 0.6154511025063709 0.3161865569272971 0.09337878796648333 0.14403292181069927
1 0.7369978719668776 0.30658436213991785 0.08952016036456348 0.14403292181069974
1 0.23730559751813043 0.5562414266117974 0.14431267231183895 0.17969821673525366
1 0.3638685828611334 0.5631001371742101 0.10109604317032511 0.10836762688614515
1 0.5047084903312431 0.5116598079561038 0.1435409467914551 0.2112482853223596
1 0.6710153399740313 0.4629629629629612 0.17672514416797327 0.2071330589849113
1 0.18367067385143096 0.7565157750342937 0.16669271240297942 0.2181069958847731
1 0.3283692089234615 0.7256515775034299 0.12579125982261877 0.2633744855967077
1 0.44682907630243063 0.7654320987654311 0.10804157285378287 0.3347050754458166
1 0.5629737671202482 0.7345679012345685 0.13968231918953392 0.31961591220850527
1 0.6521080647246174 0.6700960219478737 0.11421537701685552 0.21810699588477467
