0 0.23331033699155704 0.20243624723833512 0.2317152803337014 0.15386034872768237
0 0.5104992694705611 0.20886754249085687 0.2582923456129195 0.1723664185604159
0 0.10259615384615386 0.28744939271255054 0.20159244264507428 0.15114709851551952
0 0.7019736842105238 0.33805668016194323 0.3671862348178137 0.1848852901484474
0 0.3176880904183528 0.3448043184885291 0.3221879217273946 0.2118758434547914
0 0.08819669365721998 0.42172739541160614 0.1619939271255061 0.15519568151147098
0 0.43018387314439877 0.4662618083670715 0.24839068825910934 0.24696356275303696
0 0.8783670715249646 0.4089068825910933 0.20519230769230745 0.21862348178137683
0 0.673174763832658 0.5479082321187561 0.29878879892037663 0.18083670715249567
0 0.06389760458839402 0.5998650472334686 0.12419534412955459 0.19298245614035023
0 0.059397773279352216 0.5040485829959515 0.0071997300944669365 0.004048582995951478
0 0.2690899122807012 0.6605937921727384 0.2645900809716596 0.30904183535762497
0 0.5309800944669356 0.8137651821862357 0.39598515519568056 0.34547908232118585
0 0.8414684547908218 0.6700404858299592 0.3113883265856943 0.3981106612685544
0 0.1349949392712549 0.8508771929824546 0.2627901484480428 0.2982456140350874
0 0.9463832658569461 0.27935222672064763 0.10723346828609986 0.19163292847503333
0 0.34378711201079637 0.9372469635627507 0.3635863697705806 0.1201079622132249
