0 0.5660787786774634 0.031039136302294174 0.21059210526315789 0.05398110661268552
0 0.8554866734143033 0.11740890688259092 0.28902665317138937 0.23481781376518185
0 0.5678787112010791 0.1369770580296896 0.19619264507422332 0.16869095816464239
0 0.7541717273954085 0.2705802968960863 0.24839068825910895 0.3792172739541159
0 0.20249240890688236 0.19973009446693646 0.19259278002699015 0.13765182186234806
0 0.3941852226720644 0.18825910931174072 0.2231916329284749 0.19298245614035064
0 0.08369686234817818 0.319163292847503 0.15299426450742246 0.10931174089068829
0 0.20879217273954126 0.36437246963562697 0.13679487179487215 0.18083670715249614
0 0.3635863697705798 0.3711201079622132 0.19439271255060703 0.18083670715249656
0 0.5390797908232114 0.3184885290148444 0.1889929149797563 0.1727395411605931
0 0.0773970985155196 0.42982456140350805 0.1547941970310392 0.10931174089068774
0 0.13949477058029688 0.4284750337381917 0.03779858299595141 0.01214574898785422
0 0.12419534412955446 0.5404858299595146 0.22319163292847466 0.16599190283400841
0 0.4301838731443993 0.5276653171390001 0.266390013495277 0.1403508771929824
0 0.5876779689608637 0.49595141700404727 0.30058873144399434 0.1713900134952767
0 0.768571187584345 0.5519568151147092 0.22319163292847527 0.1619433198380562
0 0.2546904520917675 0.6221322537112006 0.17819331983805614 0.14844804318488486
0 0.42928390688259094 0.68825910931174 0.24659075573549227 0.1997300944669365
0 0.6749746963562738 0.70242914979757 0.24479082321187529 0.22537112010796165
0 0.8846668353576256 0.8306342780026977 0.22859143049932534 0.33873144399460087
0 0.6524755398110653 0.9021592442645061 0.2717898110661271 0.18488529014844957
0 0.24389085695006735 0.7840755735492567 0.21779183535762467 0.17004048582995973
0 0.4058847840755731 0.8785425101214566 0.20339237516869094 0.22672064777327808
0 0.2231916329284748 0.9224021592442634 0.17639338731443976 0.12550607287449214
