0 0.1603749840320644 0.20040485829959492 0.18111748985324638 0.2982456140350876
0 0.38196565597542226 0.07827260458839395 0.1183840576135748 0.15384615384615374
0 0.6131687086651819 0.07085020242914963 0.11332490985231036 0.13360323886639655
0 0.49276099194710143 0.13022941970310392 0.12344320537483819 0.13900134952766527
0 0.4011904174682248 0.20917678812415638 0.12445503492709134 0.16194331983805657
0 0.6642661010539449 0.17948717948717963 0.15076260328566354 0.18353576248313086
0 0.5276691114998208 0.29082321187584304 0.1952831035847863 0.2037786774628877
0 0.329350519258278 0.32321187584345473 0.2094487173163243 0.19028340080971634
0 0.9446990882150941 0.321187584345479 0.11060182356981027 0.232118758434548
0 0.7700022892643621 0.3265856950067476 0.2246261606001163 0.19973009446693596
0 0.8630906080716158 0.42510121457489836 0.1376088191063775 0.2213225371120107
0 0.14266796686764116 0.4365721997300936 0.18820029671901622 0.1767881241565443
0 0.3070902691087175 0.5033738191632923 0.164928217017202 0.18893387314439877
0 0.5898966289633671 0.40755735492577655 0.1457034555243999 0.2914979757085018
0 0.7522952720999393 0.5344129554655863 0.24385092209291873 0.1808367071524969
0 0.46999482702141504 0.6187584345479087 0.16088089880819104 0.34682860998650417
0 0.6258165780683399 0.7550607287449389 0.22563799015236813 0.32253711201079693
0 0.8595492046387284 0.6842105263157869 0.27825312686951204 0.412955465587044
0 0.15480992149467443 0.6383265856950063 0.2246261606001158 0.2618083670715256
0 0.05109739238876511 0.7078272604588388 0.10219478477753022 0.1902834008097161
0 0.36830595702001045 0.7570850202429154 0.2327207970181386 0.31309041835357604
0 0.1325496713451134 0.8697705802968947 0.2650993426902268 0.26045883940621073
0 0.47151257134979274 0.914979757085021 0.2711703200037433 0.17004048582995812
0 0.6293579815012257 0.9035087719298228 0.15582175104692741 0.192982456140349
