1 0.2122925101214574 0.12213225371120102 0.2422773279352227 0.15249662618083665
1 0.4425759109311742 0.12213225371120098 0.203896761133603 0.11470985155195662
1 0.6836538461538466 0.10323886639676104 0.2782591093117407 0.11201079622132243
1 0.12233805668016197 0.21457489878542504 0.23508097165991906 0.1322537112010795
1 0.3358299595141699 0.23616734143049917 0.19190283400809738 0.12145748987854259
1 0.5109412955465582 0.22941970310391332 0.19190283400809732 0.09986504723346808
1 0.688451417004047 0.2078272604588395 0.18230769230769314 0.09176788124156561
1 0.876756072874494 0.20715249662618077 0.1703137651821847 0.08502024291497962
1 0.17631072874493936 0.3340080971659918 0.23268218623481782 0.09581646423751668
1 0.1379301619433197 0.4453441295546551 0.26146761133603214 0.12955465587044504
1 0.38380566801619437 0.41767881241565424 0.23508097165991879 0.09851551956815087
1 0.5936993927125499 0.44466936572199606 0.21349190283400732 0.16059379217273986
1 0.724433198380566 0.3171390013495275 0.17271255060728735 0.12415654520917695
1 0.9139372469635628 0.41565452091767807 0.15352226720647785 0.11605937921727366
1 0.35502024291497997 0.6268556005398106 0.41259109311740905 0.34412955465587003
1 0.7628137651821862 0.6059379217273948 0.3838056680161934 0.3049932523616735
