1 0.2242864372469634 0.3009446693657221 0.18950404858299577 0.13225371120107937
1 0.38860323886639664 0.30026990553306354 0.15831983805668012 0.0931174089068827
1 0.5972975708502029 0.2827260458839408 0.2494736842105261 0.07962213225371105
1 0.1259362348178138 0.3900134952766534 0.1703137651821863 0.09176788124156562
1 0.30104757085020206 0.3893387314439942 0.15112348178137633 0.08232118758434506
1 0.4353795546558699 0.39068825910931204 0.16071862348178087 0.08232118758434537
1 0.5877024291497983 0.36909581646423706 0.13912955465587065 0.07962213225371148
1 0.7376265182186217 0.3724696356275301 0.14152834008097215 0.06207827260458815
1 0.9151366396761111 0.38056680161943285 0.1319331983805665 0.07287449392712504
1 0.7999949392712543 0.4520917678812413 0.2662651821862345 0.09446693657219918
1 0.574509109311741 0.4601889338731435 0.16551619433198403 0.09446693657219979
1 0.15112348178137633 0.4784075573549253 0.17271255060728719 0.08502024291497987
1 0.10074898785425095 0.5701754385964916 0.19670040485829948 0.08771929824561403
1 0.2782591093117408 0.565452091767882 0.15831983805668018 0.1079622132253708
1 0.4329807692307689 0.5816464237516868 0.14632591093117392 0.14574898785425008
1 0.6080921052631577 0.5701754385964911 0.1847064777327936 0.14170040485829893
1 0.7424240890688248 0.5479082321187575 0.14632591093117414 0.10256410256410295
